data 

 11  Variables      1030  Observations
------------------------------------------------------------------------------------------------------------------------------------------------------------------------
cement 
       n  missing distinct     Info     Mean  pMedian      Gmd      .05      .10      .25      .50      .75      .90      .95 
    1030        0      278        1    281.2    275.5    118.5    143.7    153.5    192.4    272.9    350.0    425.0    480.0 

lowest : 102   108.3 116   122.6 132  , highest: 522   525   528   531.3 540  
------------------------------------------------------------------------------------------------------------------------------------------------------------------------
slag 
       n  missing distinct     Info     Mean  pMedian      Gmd      .05      .10      .25      .50      .75      .90      .95 
    1030        0      185    0.904     73.9     71.1    91.71      0.0      0.0      0.0     22.0    142.9    192.0    236.0 

lowest : 0     11    13.6  15    17.2 , highest: 290.2 305.3 316.1 342.1 359.4
------------------------------------------------------------------------------------------------------------------------------------------------------------------------
ash 
       n  missing distinct     Info     Mean  pMedian      Gmd      .05      .10      .25      .50      .75      .90      .95 
    1030        0      156    0.834    54.19     56.5    67.08      0.0      0.0      0.0      0.0    118.3    141.1    167.0 

lowest : 0     24.5  59    60    71   , highest: 194   194.9 195   200   200.1
------------------------------------------------------------------------------------------------------------------------------------------------------------------------
water 
       n  missing distinct     Info     Mean  pMedian      Gmd      .05      .10      .25      .50      .75      .90      .95 
    1030        0      195    0.998    181.6    181.4    23.82    146.1    154.6    164.9    185.0    192.0    203.5    228.0 

lowest : 121.8 126.6 127   127.3 137.8, highest: 228   236.7 237   246.9 247  
------------------------------------------------------------------------------------------------------------------------------------------------------------------------
superplastic 
       n  missing distinct     Info     Mean  pMedian      Gmd      .05      .10      .25      .50      .75      .90      .95 
    1030        0      111     0.95    6.205      5.8    6.426     0.00     0.00     0.00     6.40    10.20    12.21    16.05 

lowest : 0    1.7  1.9  2    2.2 , highest: 22   22.1 23.4 28.2 32.2
------------------------------------------------------------------------------------------------------------------------------------------------------------------------
coarseagg 
       n  missing distinct     Info     Mean  pMedian      Gmd      .05      .10      .25      .50      .75      .90      .95 
    1030        0      284        1    972.9    972.2    88.55    842.0    852.1    932.0    968.0   1029.4   1076.5   1104.0 

lowest : 801    801.1  801.4  811    814   , highest: 1124.4 1125   1130   1134.3 1145  
------------------------------------------------------------------------------------------------------------------------------------------------------------------------
fineagg 
       n  missing distinct     Info     Mean  pMedian      Gmd      .05      .10      .25      .50      .75      .90      .95 
    1030        0      302        1    773.6    776.5    89.87    613.0    664.1    730.9    779.5    824.0    880.8    898.1 

lowest : 594   605   611.8 612   613  , highest: 925.7 942   943.1 945   992.6
------------------------------------------------------------------------------------------------------------------------------------------------------------------------
age 
       n  missing distinct     Info     Mean  pMedian      Gmd      .05      .10      .25      .50      .75      .90      .95 
    1030        0       14    0.925    45.66       28    50.89        3        3        7       28       56      100      180 
                                                                                              
Value          1     3     7    14    28    56    90    91   100   120   180   270   360   365
Frequency      2   134   126    62   425    91    54    22    52     3    26    13     6    14
Proportion 0.002 0.130 0.122 0.060 0.413 0.088 0.052 0.021 0.050 0.003 0.025 0.013 0.006 0.014
------------------------------------------------------------------------------------------------------------------------------------------------------------------------
strength 
       n  missing distinct     Info     Mean  pMedian      Gmd      .05      .10      .25      .50      .75      .90      .95 
    1030        0      845        1    35.82    35.16    18.92    10.96    14.20    23.71    34.45    46.14    58.82    66.80 

lowest : 2.33  3.32  4.57  4.78  4.83 , highest: 79.4  79.99 80.2  81.75 82.6 
------------------------------------------------------------------------------------------------------------------------------------------------------------------------
ti_le_nuoc_ximang 
       n  missing distinct     Info     Mean  pMedian      Gmd      .05      .10      .25      .50      .75      .90      .95 
    1030        0      280        1   0.7483    0.717   0.3444   0.3610   0.4000   0.5330   0.6755   0.9350   1.2230   1.3626 

lowest : 0.267 0.28  0.294 0.299 0.3  , highest: 1.66  1.693 1.694 1.879 1.882
------------------------------------------------------------------------------------------------------------------------------------------------------------------------
log_strength 
       n  missing distinct     Info     Mean  pMedian      Gmd      .05      .10      .25      .50      .75      .90      .95 
    1030        0      845        1    3.485    3.526   0.5831    2.482    2.721    3.207    3.568    3.853    4.091    4.217 

lowest : 1.20297 1.46326 1.7174  1.7544  1.76302, highest: 4.38701 4.39433 4.39692 4.41582 4.42604
------------------------------------------------------------------------------------------------------------------------------------------------------------------------
